[
    [0, 0, 1, 1, 1, 1],
    [0, 0, 2, 2, 2, 2],
    [2, 2, 1, 1, 2, 2],
    [0, 0, 4, 1, 1, 4],
    [0, 0, 0, 0, 4, 4],
    [0, 0, 0, 0, 2, 5],
    [0, 0, 0, 0, 0, 6],
    [0, 0, 0, 1, 1, 4],
    [0, 0, 0, 0, 0, 10],
    [0, 0, 0, 0, 0, 12],
    [0, 0, 0, 0, 7, 6],
    [0, 0, 0, 1, 2, 6],
    [0, 0, 0, 0, 4, 6],
    [0, 0, 0, 0, 3, 6],
    [0, 0, 0, 0, 0, 6],
  ]


[
    [0, 0, 2, 0, 0, 1, 0, 0, 0, 0, 0, 0, 0, 0, 0],
    [0, 3, 2, 6, 5, 1, 2, 2, 2, 0, 0, 5, 2, 3, 3],
    [3, 3, 2, 6, 7, 3, 6, 3, 5, 11, 14, 8, 7, 6, 5],
  ]