[
    [0, 0, 0, 0, 0, 0, 19],
    [0, 0, 0, 0, 0, 3, 3],
    [0, 2, 2, 1, 1, 1, 2],
    [2, 4, 1, 1, 1, 2, 1],
    [0, 0, 0, 1, 11, 1, 1],
    [0, 0, 8, 1, 1, 4, 2],
    [0, 0, 0,9, 1, 2, 6],
    [0, 2, 6, 2, 1, 5, 1],
    [0, 0, 0, 0, 1, 9, 10],
    [0, 0, 7,2, 2, 1, 3],
    [0, 0, 5, 1, 1, 2, 2],
    [0, 0, 0, 0, 9, 4, 3],
    [0, 0, 7, 2, 2, 1, 4],
    [0, 0, 5, 1, 1, 1, 4],
    [0, 0, 1, 3, 1, 1, 2],
    [0, 0, 5, 1, 1, 1, 3],
    [0, 6, 1, 2, 1, 1, 2],
    [0, 2, 2, 4, 3, 4, 3],
    [0, 0, 0, 2, 2, 1, 1],
    [0, 0, 1, 1, 15, 1, 1],
    [0, 0, 2, 1, 1, 1, 3],
    [0, 0, 0, 0, 3, 15, 2],
    [0, 0, 1, 3, 1, 1, 2],
    [1, 1, 4, 2, 4, 1, 1],
    [0, 0, 2, 2, 9, 2, 2],
    [0, 0, 0, 0, 2, 3, 6],
    [0, 0, 0, 0, 0, 9, 3],
    [0, 0, 0, 0, 0, 2, 2],
    [0, 0, 0, 0, 0, 0, 11],
    [0, 0, 0, 0, 0, 6, 9],
    [0, 0, 0, 7, 1, 2, 7],
    [0, 0, 1, 4, 1, 4, 1],
    [0, 0, 0, 2, 6, 8, 2],
    [0, 0, 0, 1, 4, 4, 1],
    [0, 0, 0, 1, 3, 4, 1],
  ]

[
[0,0,0,0,0,0,0,0,1,1,1,0,0,0,0,1,0,1,0,0,0,0,0,0,0],
[0,0,0,0,0,0,0,0,5,5,1,0,0,0,1,4,1,6,1,0,0,0,0,0,0],
[0,0,0,0,0,0,0,0,1,5,3,0,0,1,1,2,2,1,2,1,0,0,0,0,0],
[0,2,2,0,0,0,0,1,1,1,2,0,1,4,3,2,5,1,7,3,0,0,0,0,0],
[0,2,2,0,0,1,1,9,1,1,2,1,1,3,1,2,1,1,1,3,1,0,0,2,2],
[2,1,2,2,0,11,11,1,1,1,1,4,2,1,1,1,1,1,1,1,4,0,1,2,2],
[2,3,6,14,4,2,1,1,1,2,1,1,1,1,1,1,1,1,1,1,1,2,2,7,1],
[3,6,2,2,18,3,3,3,1,1,2,1,1,2,2,1,2,2,1,3,3,9,15,2,4],
[3,2,2,1,1,1,3,2,2,2,5,1,1,2,3,4,4,1,2,1,2,4,1,2,2],
[3, 3, 3, 1, 1, 6, 6, 6, 6, 1, 1, 2, 2, 2, 1, 1, 1, 7, 7, 6,6,1,1,3,3],
  ]